[app/ui]
version = 9.0.4.1
modtime = 1690883906.554434000

[app/launcher]
version = 9.0.4.1
modtime = 1690883906.555722000

[views/lookup_admin_home]
owner = admin
version = 8.2.7
modtime = 1691196071.631795000
