[app/ui]
version = 9.0.4.1
modtime = 1690883906.554434000

[app/launcher]
version = 9.0.4.1
modtime = 1690883906.555722000
